Type 0: [0.5007 0.2501 0.186  0.7049 0.     0.3073 0.9596 0.4178 0.5726 0.1054
 1.     0.4824 0.6199 0.5708 0.5886 0.1235 0.3776 0.7249 0.6646 0.7752]Type 1: [0.6646 0.5708 0.7249 0.3776 0.7752 0.6199 0.1235 0.5886 0.4824 1.
 0.5726 0.2501 0.4178 0.1054 0.7049 0.     0.5007 0.9596 0.3073 0.186 ]Type 0: [0.25  0.665 0.725 0.571 0.482 0.573 0.418 0.775 0.123 0.105 0.589 0.
 0.307 0.62  0.705 0.378 0.501 0.186 1.    0.96 ]Type 1: [0.501 0.186 0.705 0.    0.307 0.96  0.378 0.62  1.    0.589 0.123 0.482
 0.571 0.105 0.665 0.418 0.25  0.775 0.573 0.725]Type 0: [0.5007 0.2501 0.186  0.7049 0.     0.3073 0.9596 0.4178 0.5726 0.1054
 1.     0.4824 0.6199 0.5708 0.5886 0.1235 0.3776 0.7249 0.6646 0.7752]Type 1: [0.6646 0.5708 0.7249 0.3776 0.7752 0.6199 0.1235 0.5886 0.4824 1.
 0.5726 0.2501 0.4178 0.1054 0.7049 0.     0.5007 0.9596 0.3073 0.186 ]Type 0: [0.5007 0.2501 0.186  0.7049 0.     0.3073 0.9596 0.4178 0.5726 0.1054
 1.     0.4824 0.6199 0.5708 0.5886 0.1235 0.3776 0.7249 0.6646 0.7752]Type 1: [0.6646 0.5708 0.7249 0.3776 0.7752 0.6199 0.1235 0.5886 0.4824 1.
 0.5726 0.2501 0.4178 0.1054 0.7049 0.     0.5007 0.9596 0.3073 0.186 ]Type 0: [0.5007 0.2501 0.186  0.7049 0.     0.3073 0.9596 0.4178 0.5726 0.1054
 1.     0.4824 0.6199 0.5708 0.5886 0.1235 0.3776 0.7249 0.6646 0.7752]Type 1: [0.6646 0.5708 0.7249 0.3776 0.7752 0.6199 0.1235 0.5886 0.4824 1.
 0.5726 0.2501 0.4178 0.1054 0.7049 0.     0.5007 0.9596 0.3073 0.186 ]Type 0: [0.25  0.665 0.725 0.571 0.482 0.573 0.418 0.775 0.123 0.105 0.589 0.
 0.307 0.62  0.705 0.378 0.501 0.186 1.    0.96 ]Type 1: [0.501 0.186 0.705 0.    0.307 0.96  0.378 0.62  1.    0.589 0.123 0.482
 0.571 0.105 0.665 0.418 0.25  0.775 0.573 0.725]Type 0: [0.25013067 0.66458088 0.18598335 0.70492925 0.         0.48242065
 0.61988856 0.77515948 0.12347549 0.5707959  0.58856804 0.95959451
 0.50065572 0.72493342 1.         0.37762331 0.57262677 0.10542336
 0.4177719  0.30726624]Type 1: [0.50065572 0.72493342 0.30726624 0.95959451 0.37762331 0.4177719
 0.57262677 0.10542336 1.         0.58856804 0.5707959  0.18598335
 0.12347549 0.48242065 0.61988856 0.77515948 0.66458088 0.
 0.25013067 0.70492925]Type 0: [0.25013067 0.66458088 0.18598335 0.70492925 0.         0.48242065
 0.61988856 0.77515948 0.12347549 0.5707959  0.58856804 0.95959451
 0.50065572 0.72493342 1.         0.37762331 0.57262677 0.10542336
 0.4177719  0.30726624]Type 1: [0.50065572 0.72493342 0.30726624 0.95959451 0.37762331 0.4177719
 0.57262677 0.10542336 1.         0.58856804 0.5707959  0.18598335
 0.12347549 0.48242065 0.61988856 0.77515948 0.66458088 0.
 0.25013067 0.70492925]Type 0: [0.25  0.665 0.725 0.571 0.482 0.573 0.418 0.775 0.123 0.105 0.589 0.
 0.307 0.62  0.705 0.378 0.501 0.186 1.    0.96 ]Type 1: [0.501 0.186 0.705 0.    0.307 0.96  0.378 0.62  1.    0.589 0.123 0.482
 0.571 0.105 0.665 0.418 0.25  0.775 0.573 0.725]Type 0: [0.25  0.571 0.705 0.725 0.    0.482 0.307 0.573 0.123 0.775 0.378 0.105
 0.589 0.96  1.    0.62  0.418 0.186 0.665 0.501]Type 1: [0.186 0.665 0.501 0.418 0.62  0.96  1.    0.378 0.307 0.123 0.482 0.775
 0.573 0.    0.589 0.105 0.705 0.571 0.25  0.725]Type 0: [0.25  0.665 0.725 0.571 0.482 0.573 0.418 0.775 0.123 0.105 0.589 0.
 0.307 0.62  0.705 0.378 0.501 0.186 1.    0.96 ]Type 1: [0.501 0.186 0.705 0.    0.307 0.96  0.378 0.62  1.    0.589 0.123 0.482
 0.571 0.105 0.665 0.418 0.25  0.775 0.573 0.725]Type 0: [0.25  0.571 0.705 0.725 0.    0.482 0.307 0.573 0.123 0.775 0.378 0.105
 0.589 0.96  1.    0.62  0.418 0.186 0.665 0.501]Type 1: [0.186 0.665 0.501 0.418 0.62  0.96  1.    0.378 0.307 0.123 0.482 0.775
 0.573 0.    0.589 0.105 0.705 0.571 0.25  0.725]Type 0: [0.25  0.571 0.705 0.725 0.    0.482 0.307 0.573 0.123 0.775 0.378 0.105
 0.589 0.96  1.    0.62  0.418 0.186 0.665 0.501]Type 1: [0.186 0.665 0.501 0.418 0.62  0.96  1.    0.378 0.307 0.123 0.482 0.775
 0.573 0.    0.589 0.105 0.705 0.571 0.25  0.725]Type 0: [0.25  0.571 0.705 0.725 0.    0.482 0.307 0.573 0.123 0.775 0.378 0.105
 0.589 0.96  1.    0.62  0.418 0.186 0.665 0.501]Type 1: [0.186 0.665 0.501 0.418 0.62  0.96  1.    0.378 0.307 0.123 0.482 0.775
 0.573 0.    0.589 0.105 0.705 0.571 0.25  0.725]Type 0: [0.25  0.571 0.705 0.725 0.    0.482 0.307 0.573 0.123 0.775 0.378 0.105
 0.589 0.96  1.    0.62  0.418 0.186 0.665 0.501]Type 1: [0.186 0.665 0.501 0.418 0.62  0.96  1.    0.378 0.307 0.123 0.482 0.775
 0.573 0.    0.589 0.105 0.705 0.571 0.25  0.725]Type 0: [0.25  0.571 0.705 0.725 0.    0.482 0.307 0.573 0.123 0.775 0.378 0.105
 0.589 0.96  1.    0.62  0.418 0.186 0.665 0.501]Type 1: [0.186 0.665 0.501 0.418 0.62  0.96  1.    0.378 0.307 0.123 0.482 0.775
 0.573 0.    0.589 0.105 0.705 0.571 0.25  0.725]